Output from NeEstimator v2.1
Starting time: Mon Mar 23 13:00:44 2020
Input File: "Documents/project_SEACONNECT/seaConnect--radFishComp/07-Ne/01_create_genepop/mul_neutral_13548_DapcPopK2.gen"

Number of Loci = 13548

LD mating model: Random

Population     1 [C100i10]  (Number of Individuals = 389)
****************
--------------------------------------------------------------------------
Lowest Allele Frequency Used     0.050       0.020       0.010         0+
--------------------------------------------------------------------------

LINKAGE DISEQUILIBRIUM METHOD

Harmonic Mean Sample Size =      371.3       371.2       371.2       371.2
Independent Comparisons =   86914321    91738665    91767373    91767378
OverAll r^2 =                 0.002749    0.002750    0.002750    0.002750
Expected r^2 Sample =         0.002714    0.002714    0.002714    0.002714
Estimated Ne^ =                 9568.2      9489.1      9480.8      9480.8

95% CIs for Ne^
* Parametric                    9348.7      9278.8      9270.9      9270.9
                                9798.0      9709.1      9700.3      9700.4

* JackKnife on Samples          5301.9      5265.8      5263.6      5263.6
                               46045.2     45092.3     44881.6     44883.1

**************************************************************************

Time: Mon Mar 23 17:06:05 2020

Non-polymorphic loci:    10,    11,    65,    68,    80,    89,    91,   115,
          121,   125,   167,   172,   176,   180,   215,   223,   232,   240,
          250,   274,   298,   353,   378,   440,   446,   450,   477,   480,
          488,   490,   493,   496,   499,   504,   510,   535,   539,   552,
          559,   570,   605,   654,   668,   818,   862,   887,   924,   959,
          965,   993,  1018,  1020,  1027,  1059,  1067,  1090,  1103,  1183,
         1193,  1194,  1220,  1240,  1276,  1281,  1282,  1295,  1329,  1337,
         1340,  1360,  1368,  1373,  1387,  1442,  1447,  1471,  1473,  1507,
         1538,  1639,  1648,  1663,  1671,  1673,  1677,  1696,  1707,  1816,
         1818,  1958,  1994,  2003,  2004,  2039,  2065,  2066,  2067,  2069,
         2070,  2072,  2139,  2155,  2171,  2207,  2270,  2298,  2316,  2322,
         2345,  2363,  2367,  2384,  2416,  2440,  2447,  2458,  2460,  2503,
         2517,  2522,  2532,  2563,  2573,  2816,  2828,  2846,  2878,  2916,
         2928,  2948,  2953,  2963,  2992,  2998,  3014,  3067,  3071,  3079,
         3100,  3156,  3160,  3165,  3170,  3204,  3230,  3233,  3234,  3246,
         3258,  3259,  3279,  3303,  3352,  3359,  3401,  3429,  3431,  3439,
         3445,  3505,  3508,  3538,  3556,  3644,  3754,  3807,  3824,  3842,
         3853,  3858,  3860,  3864,  3865,  3867,  3872,  3876,  3930,  3934,
         3938,  3947,  3950,  3955,  3956,  3959,  3961,  3962,  4048,  4050,
         4078,  4089,  4111,  4176,  4225,  4251,  4267,  4283,  4307,  4351,
         4358,  4386,  4427,  4457,  4461,  4584,  4591,  4640,  4752,  4770,
         4800,  4853,  4887,  4896,  4921,  4923,  4924,  4929,  4939,  4943,
         4982,  5062,  5074,  5090,  5124,  5127,  5158,  5164,  5165,  5183,
         5184,  5187,  5197,  5236,  5237,  5238,  5239,  5243,  5244,  5249,
         5251,  5277,  5289,  5307,  5323,  5346,  5399,  5401,  5408,  5430,
         5479,  5484,  5506,  5519,  5526,  5530,  5534,  5538,  5555,  5564,
         5569,  5574,  5576,  5602,  5612,  5619,  5642,  5651,  5701,  5702,
         5760,  5781,  5783,  5786,  5806,  5841,  5845,  5854,  5861,  5936,
         5972,  6015,  6018,  6030,  6037,  6098,  6134,  6147,  6185,  6236,
         6252,  6265,  6274,  6281,  6340,  6350,  6358,  6396,  6411,  6440,
         6453,  6517,  6518,  6567,  6583,  6623,  6641,  6657,  6676,  6733,
         6745,  6805,  6806,  6825,  6828,  6829,  6830,  6855,  6878,  6947,
         6964,  6972,  6987,  6989,  7065,  7080,  7085,  7089,  7107,  7136,
         7141,  7161,  7166,  7169,  7170,  7193,  7222,  7236,  7252,  7265,
         7299,  7337,  7349,  7351,  7360,  7386,  7406,  7411,  7413,  7475,
         7477,  7581,  7588,  7617,  7631,  7699,  7734,  7771,  7817,  7855,
         7915,  7982,  8002,  8045,  8046,  8048,  8050,  8051,  8141,  8184,
         8201,  8203,  8208,  8274,  8286,  8325,  8328,  8339,  8360,  8370,
         8373,  8390,  8422,  8441,  8451,  8454,  8457,  8461,  8465,  8500,
         8561,  8570,  8590,  8593,  8595,  8608,  8609,  8615,  8623,  8658,
         8661,  8808,  8811,  8812,  8846,  8851,  8854,  8881,  8914,  8954,
         8960,  8991,  8992,  9037,  9053,  9104,  9112,  9154,  9174,  9192,
         9221,  9222,  9240,  9242,  9244,  9336,  9339,  9342,  9351,  9397,
         9422,  9426,  9501,  9511,  9539,  9557,  9600,  9603,  9605,  9612,
         9715,  9748,  9779,  9793,  9800,  9805,  9819,  9880,  9898,  9928,
         9940,  9941,  9962,  9965,  9967,  9969, 10026, 10027, 10057, 10062,
        10087, 10089, 10094, 10095, 10163, 10180, 10193, 10204, 10208, 10213,
        10219, 10221, 10223, 10224, 10226, 10229, 10231, 10264, 10270, 10272,
        10301, 10313, 10329, 10334, 10340, 10344, 10364, 10410, 10411, 10420,
        10426, 10455, 10462, 10503, 10504, 10509, 10510, 10513, 10547, 10549,
        10556, 10598, 10602, 10613, 10623, 10625, 10638, 10663, 10698, 10710,
        10742, 10769, 10810, 10850, 10864, 10882, 10883, 10905, 10925, 10935,
        10950, 10974, 10979, 10984, 10987, 10991, 10993, 10997, 11008, 11028,
        11036, 11062, 11145, 11172, 11183, 11224, 11243, 11248, 11250, 11254,
        11262, 11280, 11335, 11344, 11345, 11346, 11440, 11446, 11449, 11454,
        11521, 11523, 11525, 11526, 11527, 11532, 11570, 11586, 11591, 11613,
        11667, 11672, 11700, 11722, 11723, 11724, 11754, 11762, 11812, 11813,
        11862, 11876, 11918, 11962, 12063, 12070, 12137, 12149, 12180, 12181,
        12186, 12191, 12243, 12249, 12250, 12270, 12280, 12401, 12424, 12484,
        12543, 12611, 12628, 12639, 12641, 12653, 12655, 12672, 12676, 12696,
        12706, 12728, 12743, 12756, 12757, 12758, 12760, 12761, 12792, 12806,
        12827, 12830, 12843, 12854, 12858, 12863, 12864, 12911, 12979, 13001,
        13006, 13045, 13047, 13074, 13235, 13240, 13243, 13248, 13253, 13349,
        13378, 13408, 13417, 13424, 13428, 13444, 13454, 13472, 13523, 13525,
        13537
Total non-polymorphic = 639


Population     2 [C20i2]  (Number of Individuals = 24)
****************
--------------------------------------------------------------------------
Lowest Allele Frequency Used     0.050       0.020       0.010         0+
--------------------------------------------------------------------------

LINKAGE DISEQUILIBRIUM METHOD

Harmonic Mean Sample Size =       23.2        23.1        23.1        23.1
Independent Comparisons =   55848475    83062441    83062441    83062441
OverAll r^2 =                 0.049596    0.049645    0.049645    0.049645
Expected r^2 Sample =         0.049068    0.049138    0.049138    0.049138
Estimated Ne^ =                  582.0       606.7       606.7       606.7

95% CIs for Ne^
* Parametric                     562.3       589.0       589.0       589.0
                                 603.1       625.4       625.4       625.4

* JackKnife on Samples           331.4       322.3       322.3       322.3
                                2270.7      4529.9      4529.9      4529.9

**************************************************************************

Ending time: Mon Mar 23 17:25:01 2020
-------------------------------------

